/*--------------------------------*- C++ -*----------------------------------*\
| =========                 |                                                 |
| \\      /  F ield         | OpenFOAM: The Open Source CFD Toolbox           |
|  \\    /   O peration     | Version:  2212                                  |
|   \\  /    A nd           | Website:  www.openfoam.com                      |
|    \\/     M anipulation  |                                                 |
\*---------------------------------------------------------------------------*/
FoamFile
{
    version     2.0;
    format      ascii;
    arch        "LSB;label=32;scalar=64";
    class       regIOobject;
    location    "constant/polyMesh";
    object      cellZones;
    meta
    {
        names           1 ( cell_box1 );
    }
}
// * * * * * * * * * * * * * * * * * * * * * * * * * * * * * * * * * * * * * //

1
(cell_box1
{
    type            cellZone;
    cellLabels      List<label> 
1632
(
42707
42708
42709
42799
42800
42801
42891
42892
42893
42983
42984
42985
43075
43076
43077
43167
43168
43169
43259
43260
43261
43351
43352
43353
46282
46283
46284
46374
46375
46376
46466
46467
46468
46558
46559
46560
46650
46651
46652
46742
46743
46744
46834
46835
46836
46926
46927
46928
49865
49866
49867
49961
49962
49963
50057
50058
50059
50153
50154
50155
50249
50250
50251
50345
50346
50347
50441
50442
50443
50537
50538
50539
53604
53605
53606
53700
53701
53702
53796
53797
53798
53892
53893
53894
53988
53989
53990
54084
54085
54086
54180
54181
54182
54276
54277
54278
57343
57344
57345
57439
57440
57441
57535
57536
57537
57631
57632
57633
57727
57728
57729
57823
57824
57825
57919
57920
57921
58015
58016
58017
61082
61083
61084
61178
61179
61180
61274
61275
61276
61370
61371
61372
61466
61467
61468
61562
61563
61564
61658
61659
61660
61754
61755
61756
64821
64822
64823
64917
64918
64919
65013
65014
65015
65109
65110
65111
65205
65206
65207
65301
65302
65303
65397
65398
65399
65493
65494
65495
68560
68561
68562
68656
68657
68658
68752
68753
68754
68848
68849
68850
68944
68945
68946
69040
69041
69042
69136
69137
69138
69232
69233
69234
72299
72300
72301
72395
72396
72397
72491
72492
72493
72587
72588
72589
72683
72684
72685
72779
72780
72781
72875
72876
72877
72971
72972
72973
75886
75888
75889
75890
75891
75892
75893
75894
75895
75896
75897
75898
75906
75908
75910
75912
75913
75914
75915
75916
75917
75918
75919
75920
75921
75922
75923
75924
75925
75926
75927
75928
75929
75937
75939
75941
75943
75944
75945
75946
75947
75948
75949
75950
75951
75952
75953
75954
75955
75956
75957
75958
75959
75960
75968
75970
75972
75974
75975
75976
75977
75978
75979
75980
75981
75982
75983
75984
75985
75986
75987
75988
75989
75990
75991
75999
76001
76003
76005
76006
76007
76008
76009
76010
76011
76012
76013
76014
76015
76016
76017
76018
76019
76020
76021
76022
76030
76032
76034
76036
76037
76038
76039
76040
76041
76042
76043
76044
76045
76046
76047
76048
76049
76050
76051
76052
76053
76061
76063
76065
76067
76068
76069
76070
76071
76072
76073
76074
76075
76076
76077
76078
76079
76080
76081
76082
76083
76084
76092
76094
76096
76098
76099
76100
76101
76102
76103
76104
76105
76106
76107
76108
76109
76110
76111
76112
76113
76114
76115
76123
76126
76128
76129
76130
76131
76132
76133
76134
76143
76145
76146
76147
76148
76149
76150
76151
76152
76153
76154
76155
76163
76165
76167
76169
76170
76171
76172
76180
76182
76184
76186
76187
76188
76189
76197
76199
76201
76203
76204
76205
76206
76214
76216
76218
76220
76221
76222
76223
76231
76233
76235
76237
76238
76239
76240
76248
76250
76252
76254
76255
76256
76257
76265
76267
76269
76271
76272
76273
76274
76282
76285
76287
76288
76289
76290
76291
76292
76293
76302
76304
76305
76306
76307
76308
76309
76310
76311
76312
76313
76314
76322
76324
76326
76328
76329
76330
76331
76339
76341
76343
76345
76346
76347
76348
76356
76358
76360
76362
76363
76364
76365
76373
76375
76377
76379
76380
76381
76382
76390
76392
76394
76396
76397
76398
76399
76407
76409
76411
76413
76414
76415
76416
76424
76426
76428
76430
76431
76432
76433
76441
76444
76446
76447
76448
76449
76450
76451
76452
76461
76463
76464
76465
76466
76467
76468
76469
76470
76471
76472
76473
76481
76483
76485
76487
76488
76489
76490
76498
76500
76502
76504
76505
76506
76507
76515
76517
76519
76521
76522
76523
76524
76532
76534
76536
76538
76539
76540
76541
76549
76551
76553
76555
76556
76557
76558
76566
76568
76570
76572
76573
76574
76575
76583
76585
76587
76589
76590
76591
76592
76600
76603
76605
76606
76607
76608
76609
76610
76611
76620
76622
76623
76624
76625
76626
76627
76628
76629
76630
76631
76632
76640
76642
76644
76646
76647
76648
76649
76657
76659
76661
76663
76664
76665
76666
76674
76676
76678
76680
76681
76682
76683
76691
76693
76695
76697
76698
76699
76700
76708
76710
76712
76714
76715
76716
76717
76725
76727
76729
76731
76732
76733
76734
76742
76744
76746
76748
76749
76750
76751
76759
76762
76764
76765
76766
76767
76768
76769
76770
76779
76781
76782
76783
76784
76785
76786
76787
76788
76789
76790
76791
76799
76801
76803
76805
76806
76807
76808
76816
76818
76820
76822
76823
76824
76825
76833
76835
76837
76839
76840
76841
76842
76850
76852
76854
76856
76857
76858
76859
76867
76869
76871
76873
76874
76875
76876
76884
76886
76888
76890
76891
76892
76893
76901
76903
76905
76907
76908
76909
76910
76918
76921
76923
76924
76925
76926
76927
76928
76929
76938
76940
76941
76942
76943
76944
76945
76946
76947
76948
76949
76950
76958
76960
76962
76964
76965
76966
76967
76975
76977
76979
76981
76982
76983
76984
76992
76994
76996
76998
76999
77000
77001
77009
77011
77013
77015
77016
77017
77018
77026
77028
77030
77032
77033
77034
77035
77043
77045
77047
77049
77050
77051
77052
77060
77062
77064
77066
77067
77068
77069
77077
77080
77082
77083
77084
77085
77086
77087
77088
77097
77099
77100
77101
77102
77103
77104
77105
77106
77107
77108
77109
77117
77119
77121
77123
77124
77125
77126
77134
77136
77138
77140
77141
77142
77143
77151
77153
77155
77157
77158
77159
77160
77168
77170
77172
77174
77175
77176
77177
77185
77187
77189
77191
77192
77193
77194
77202
77204
77206
77208
77209
77210
77211
77219
77221
77223
77225
77226
77227
77228
77236
77239
77241
77242
77243
77244
77245
77246
77247
77254
77255
77256
77257
77258
77259
77263
77265
77266
77267
77268
77269
77270
77271
77272
77276
77278
77279
77280
77281
77282
77283
77284
77285
77289
77291
77292
77293
77294
77295
77296
77297
77298
77302
77304
77305
77306
77307
77308
77309
77310
77311
77315
77317
77318
77319
77320
77321
77322
77323
77324
77328
77330
77331
77332
77333
77334
77335
77336
77337
77341
77343
77344
77345
77346
77347
77348
77349
77350
77354
77356
77357
77403
77404
77405
77406
77407
77408
77409
77410
77411
77412
77413
77414
77415
77416
77417
77418
77419
77420
77421
77422
77423
77424
77425
77426
77427
77428
77429
77430
77431
77432
77433
77434
77435
77436
77437
77438
77439
77440
77441
77442
77443
77444
77445
77446
77447
77448
77449
77450
77451
77452
77453
77454
77455
77456
77457
77458
77459
77460
77461
77462
77463
77464
77465
77466
77467
77468
77469
77470
77471
77472
77473
77474
77475
77476
77477
77478
77479
77480
77481
77482
77483
77484
77485
77486
77487
77488
77489
77490
77491
77492
77493
77494
77495
77496
77497
77498
77499
77500
77508
77509
77510
77511
77512
77513
77514
77515
77516
77517
77518
77519
77520
77521
77522
77523
77524
77525
77526
77527
77528
77529
77530
77531
77532
77533
77534
77535
77536
77537
77538
77539
77540
77541
77542
77543
77544
77545
77546
77547
77548
77549
77550
77551
77552
77553
77554
77555
77556
77557
77558
77559
77560
77561
77562
77563
77564
77565
77566
77567
77568
77569
77570
77571
77572
77573
77574
77575
77576
77577
77578
77579
77580
77581
77582
77583
77584
77585
77586
77587
77588
77589
77590
77591
77592
77593
77594
77595
77596
77597
77598
77599
77600
77601
77602
77603
77604
77605
77613
77614
77615
77616
77617
77618
77619
77620
77621
77622
77623
77624
77625
77626
77627
77628
77629
77630
77631
77632
77633
77634
77635
77636
77637
77638
77639
77640
77641
77642
77643
77644
77645
77646
77647
77648
77649
77650
77651
77652
77653
77654
77655
77656
77657
77658
77659
77660
77661
77662
77663
77664
77665
77666
77667
77668
77669
77670
77671
77672
77673
77674
77675
77676
77677
77678
77679
77680
77681
77682
77683
77684
77685
77686
77687
77688
77689
77690
77691
77692
77693
77694
77695
77696
77697
77698
77699
77700
77701
77702
77703
77704
77705
77706
77707
77708
77709
77710
77718
77719
77720
77721
77722
77723
77724
77725
77726
77727
77728
77729
77730
77731
77732
77733
77734
77735
77736
77737
77738
77739
77740
77741
77742
77743
77744
77745
77746
77747
77748
77749
77750
77751
77752
77753
77754
77755
77756
77757
77758
77759
77760
77761
77762
77763
77764
77765
77766
77767
77768
77769
77770
77771
77772
77773
77774
77775
77776
77777
77778
77779
77780
77781
77782
77783
77784
77785
77786
77787
77788
77789
77790
77791
77792
77793
77794
77795
77796
77797
77798
77799
77800
77801
77802
77803
77804
77805
77806
77807
77808
77809
77810
77811
77812
77813
77814
77815
77823
77824
77825
77826
77827
77828
77829
77830
77831
77832
77833
77834
77835
77836
77837
77838
77839
77840
77841
77842
77843
77844
77845
77846
77847
77848
77849
77850
77851
77852
77853
77854
77855
77856
77857
77858
77859
77860
77861
77862
77863
77864
77865
77866
77867
77868
77869
77870
77871
77872
77873
77874
77875
77876
77877
77878
77879
77880
77881
77882
77883
77884
77885
77886
77887
77888
77889
77890
77891
77892
77893
77894
77895
77896
77897
77898
77899
77900
77901
77902
77903
77904
77905
77906
77907
77908
77909
77910
77911
77912
77913
77914
77915
77916
77917
77918
77919
77920
77928
77929
77930
77931
77932
77933
77934
77935
77936
77937
77938
77939
77940
77941
77942
77943
77944
77945
77946
77947
77948
77949
77950
77951
77952
77953
77954
77955
77956
77957
77958
77959
77960
77961
77962
77963
77964
77965
77966
77967
77968
77969
77970
77971
77972
77973
77974
77975
77976
77977
77978
77979
77980
77981
77982
77983
77984
77985
77986
77987
77988
77989
77990
77991
77992
77993
77994
77995
77996
77997
77998
77999
78000
78001
78002
78003
78004
78005
78006
78007
78008
78009
78010
78011
78012
78013
78014
78015
78016
78017
78018
78019
78020
78021
78022
78023
78024
78025
78033
78034
78035
78036
78037
78038
78039
78040
78041
78042
78043
78044
78045
78046
78047
78048
78049
78050
78051
78052
78053
78054
78055
78056
78057
78058
78059
78060
78061
78062
78063
78064
78065
78066
78067
78068
78069
78070
78071
78072
78073
78074
78075
78076
78077
78078
78079
78080
78081
78082
78083
78084
78085
78086
78087
78088
78089
78090
78091
78092
78093
78094
78095
78096
78097
78098
78099
78100
78101
78102
78103
78104
78105
78106
78107
78108
78109
78110
78111
78112
78113
78114
78115
78116
78117
78118
78119
78120
78121
78122
78123
78124
78125
78126
78127
78128
78129
78130
)
;
}
)

// ************************************************************************* //
