/*--------------------------------*- C++ -*----------------------------------*\
| =========                 |                                                 |
| \\      /  F ield         | OpenFOAM: The Open Source CFD Toolbox           |
|  \\    /   O peration     | Version:  2212                                  |
|   \\  /    A nd           | Website:  www.openfoam.com                      |
|    \\/     M anipulation  |                                                 |
\*---------------------------------------------------------------------------*/
FoamFile
{
    version     2.0;
    format      ascii;
    arch        "LSB;label=32;scalar=64";
    class       regIOobject;
    location    "constant/polyMesh";
    object      faceZones;
    meta
    {
        names           1 ( face_box1 );
    }
}
// * * * * * * * * * * * * * * * * * * * * * * * * * * * * * * * * * * * * * //

1
(face_box1
{
    type            faceZone;
    faceLabels      List<label> 
947
(
124682
124967
125252
125537
125822
126107
126392
126677
135232
135521
135810
136099
136388
136677
136966
137255
145838
146139
146440
146741
147042
147343
147644
147945
156908
157209
157510
157811
158112
158413
158714
159015
167978
168279
168580
168881
169182
169483
169784
170085
179048
179349
179650
179951
180252
180553
180854
181155
190118
190419
190720
191021
191322
191623
191924
192225
201191
201495
201799
202103
202407
202711
203015
203319
212098
212303
212508
212713
212918
213123
213328
213533
219117
219122
219173
219178
219183
219249
219254
219259
219325
219330
219335
219401
219406
219411
219477
219482
219487
219553
219558
219563
219629
219634
219639
219702
219734
219739
219790
219795
219800
219833
219838
219843
219876
219881
219886
219919
219924
219929
219962
219967
219972
220005
220010
220015
220048
220053
220058
220088
220125
220130
220181
220186
220191
220224
220229
220234
220267
220272
220277
220310
220315
220320
220353
220358
220363
220396
220401
220406
220439
220444
220449
220479
220516
220521
220572
220577
220582
220615
220620
220625
220658
220663
220668
220701
220706
220711
220744
220749
220754
220787
220792
220797
220830
220835
220840
220870
220907
220912
220963
220968
220973
221006
221011
221016
221049
221054
221059
221092
221097
221102
221135
221140
221145
221178
221183
221188
221221
221226
221231
221261
221298
221303
221354
221359
221364
221397
221402
221407
221440
221445
221450
221483
221488
221493
221526
221531
221536
221569
221574
221579
221612
221617
221622
221652
221689
221694
221745
221750
221755
221788
221793
221798
221831
221836
221841
221874
221879
221884
221917
221922
221927
221960
221965
221970
222003
222008
222013
222043
222080
222085
222136
222141
222146
222179
222184
222189
222222
222227
222232
222265
222270
222275
222308
222313
222318
222351
222356
222361
222394
222399
222404
222434
222462
222477
222500
222523
222546
222569
222592
222615
224301
224302
224303
224304
224305
224306
224307
224308
224309
224310
224311
224312
224313
224314
224315
224316
224317
224318
224319
224320
224321
224322
224323
224324
224325
224326
224327
224328
224329
224330
224331
224332
224333
224334
224335
224336
224337
224338
224339
224340
224341
224342
224343
224344
224345
224346
224347
224348
224349
224350
224351
224352
224353
224354
224355
224356
224357
224358
224359
224360
224361
224362
224363
224364
224365
224366
224367
224368
224369
224370
224371
224372
224373
224374
224375
224376
224377
224378
224379
224380
224381
224382
224383
224384
224385
224386
224387
224388
224389
224390
224391
224392
224393
224394
224395
224396
224397
224398
224399
224400
224401
224402
224403
224404
224405
224406
224407
224408
224409
224410
224411
224412
224413
224414
224415
224416
224417
224418
224419
224420
224421
224422
224423
224424
224425
224426
224427
224428
224429
224430
224431
224432
224433
224434
224435
224436
224437
224438
224439
224440
224441
224442
224443
224444
224445
224446
224447
224448
224449
224450
224451
224452
224453
224454
224455
224456
224457
224458
224459
224460
224461
224462
224463
224464
224465
224466
224467
224468
224469
224470
224471
224472
224473
224474
224475
224476
224477
224478
224479
224480
224481
224482
224483
224484
224485
224486
224487
224488
224489
224490
224491
224492
224493
224494
224495
224496
224497
224498
224499
224500
224501
224502
224503
224504
224505
224506
224507
224508
224509
224510
224511
224512
224513
224514
224515
224516
224517
224518
224519
224520
224521
224522
224523
224524
224525
224526
224527
224528
224529
224530
224531
224532
224533
224534
224535
224536
224537
224538
224539
224540
224541
224542
224543
224544
224545
224546
224547
224548
224549
224550
224551
224552
224553
224554
224555
224556
224557
224558
224559
224560
224561
224562
224563
224564
224565
224566
224567
224568
224569
224570
224571
224572
225042
225043
225044
225137
225138
225139
225233
225234
225235
225328
225329
225330
225422
225423
225424
225516
225517
225518
225612
225613
225614
225707
225708
225709
228518
228519
228520
228521
228522
228523
228527
228529
228530
228531
228532
228533
228534
228535
228536
228540
228542
228543
228544
228545
228546
228547
228548
228549
228553
228555
228556
228557
228558
228559
228560
228561
228562
228566
228568
228569
228570
228571
228572
228573
228574
228575
228579
228581
228582
228583
228584
228585
228586
228587
228588
228592
228594
228595
228596
228597
228598
228599
228600
228601
228605
228607
228608
228609
228610
228611
228612
228613
228614
228618
228619
228620
232193
232194
232195
232199
232200
232201
232205
232206
232207
232211
232212
232213
232217
232218
232219
232223
232224
232225
232229
232230
232231
232235
232236
232237
232238
232522
232523
232524
232809
232810
232811
233101
233102
233103
233393
233394
233395
233684
233685
233686
233975
233976
233977
234267
234268
234269
234557
234558
234559
234766
234767
234768
234769
234770
234771
234772
234773
234774
234775
234779
234780
234781
234782
234783
234784
234785
234786
234787
234788
234789
234793
234794
234795
234796
234797
234798
234799
234800
234801
234802
234803
234807
234808
234809
234810
234811
234812
234813
234814
234815
234816
234817
234821
234822
234823
234824
234825
234826
234827
234828
234829
234830
234831
234835
234836
234837
234838
234839
234840
234841
234842
234843
234844
234845
234849
234850
234851
234852
234853
234854
234855
234856
234857
234858
234859
234863
234864
234865
234866
234867
234868
234869
234870
234871
234872
234873
234877
234878
234879
234880
241933
241934
242235
242236
242237
242693
242694
242695
242955
242956
242957
243217
243218
243219
243479
243480
243481
243741
243742
243743
244003
244004
244005
244264
244265
244266
244379
244380
244381
244382
244383
244384
244385
244386
244387
244388
244389
244390
244391
244392
244393
244394
244395
244396
244397
244398
244399
244400
244401
244402
244403
244404
244405
244406
244407
244408
244409
244410
244411
244412
244413
244414
244415
244416
244417
244418
244419
244420
244421
244422
244423
244424
244425
244426
244427
244428
244429
244430
244431
244432
244433
244434
244435
244436
244437
244438
244439
244440
244441
244442
244443
244444
244445
244449
244451
244452
244453
244454
244455
244456
244457
244461
244463
244464
244465
244466
244467
244468
244469
244470
244474
244476
244477
244478
244479
244480
244481
244482
244483
244487
244489
244490
244491
244492
244493
244494
244495
244496
244500
244502
244503
244504
244505
244506
244507
244508
244509
244513
244515
244516
244517
244518
244519
244520
244521
244522
244526
244528
244529
244530
244531
244532
244533
244534
244535
244539
244541
244542
244543
244544
244545
244546
244547
244548
244550
244551
244552
)
;
    flipMap         List<bool> 
947
(
1
1
1
1
1
1
1
1
1
1
1
1
1
1
1
1
1
1
1
1
1
1
1
1
1
1
1
1
1
1
1
1
1
1
1
1
1
1
1
1
1
1
1
1
1
1
1
1
1
1
1
1
1
1
1
1
1
1
1
1
1
1
1
1
1
1
1
1
1
1
1
1
1
1
1
1
1
1
1
1
1
1
1
1
1
1
1
1
1
1
1
1
1
1
1
1
1
1
1
1
1
1
1
1
1
1
1
1
1
1
1
1
1
1
1
1
1
1
1
1
1
1
1
1
1
1
1
1
1
1
1
1
1
1
1
1
1
1
1
1
1
1
1
1
1
1
1
1
1
1
1
1
1
1
1
1
1
1
1
1
1
1
1
1
1
1
1
1
1
1
1
1
1
1
1
1
1
1
1
1
1
1
1
1
1
1
1
1
1
1
1
1
1
1
1
1
1
1
1
1
1
1
1
1
1
1
1
1
1
1
1
1
1
1
1
1
1
1
1
1
1
1
1
1
1
1
1
1
1
1
1
1
1
1
1
1
1
1
1
1
1
1
1
1
1
1
1
1
1
1
1
1
1
1
1
1
1
1
1
1
1
1
1
1
1
1
1
1
1
1
1
1
0
0
0
0
0
0
0
0
0
0
0
0
0
0
0
0
0
0
0
0
0
0
0
0
0
0
0
0
0
0
0
0
0
0
0
0
0
0
0
0
0
0
0
0
0
0
0
0
0
0
0
0
0
0
0
0
0
0
0
0
0
0
0
0
0
0
0
0
0
0
0
0
0
0
0
0
0
0
0
0
0
0
0
0
0
0
0
0
0
0
0
0
0
0
0
0
0
0
0
0
0
0
0
0
0
0
0
0
0
0
0
0
0
0
0
0
0
0
0
0
0
0
0
0
0
0
0
0
0
0
0
0
0
0
0
0
0
0
0
0
0
0
0
0
0
0
0
0
0
0
0
0
0
0
0
0
0
0
0
0
0
0
0
0
0
0
0
0
0
0
0
0
0
0
0
0
0
0
0
0
0
0
0
0
0
0
0
0
0
0
0
0
0
0
0
0
0
0
0
0
0
0
0
0
0
0
0
0
0
0
0
0
0
0
0
0
0
0
0
0
0
0
0
0
0
0
0
0
0
0
0
0
0
0
0
0
0
0
0
0
0
0
0
0
0
0
0
0
0
0
0
0
0
0
0
0
0
0
0
0
0
0
0
0
0
0
0
0
0
0
0
0
0
0
0
0
0
0
0
0
0
0
0
0
0
0
0
0
0
0
0
0
0
0
0
0
0
0
0
0
0
0
0
0
0
0
0
0
0
0
0
0
0
0
0
0
0
0
0
0
0
0
0
0
0
0
0
0
0
0
0
0
0
0
0
0
0
0
0
0
0
0
0
0
0
0
0
0
0
0
0
0
0
0
0
0
0
0
0
0
0
0
0
0
0
0
0
0
0
0
0
0
0
0
0
0
0
0
0
0
0
0
0
0
0
0
0
0
0
0
0
0
0
0
0
0
0
0
0
0
0
0
0
0
0
0
0
0
0
0
0
0
0
0
0
0
0
0
1
0
1
0
0
0
0
0
0
0
1
0
1
0
0
0
0
0
0
0
0
1
0
1
0
0
0
0
0
0
0
0
1
0
1
0
0
0
0
0
0
0
0
1
0
1
0
0
0
0
0
0
0
0
1
0
1
0
0
0
0
0
0
0
0
1
0
1
0
0
0
0
0
0
0
0
1
0
1
0
0
0
0
0
0
0
0
1
0
0
0
0
0
0
0
0
0
0
0
0
0
0
0
0
0
0
0
0
0
0
0
0
0
0
0
0
0
0
0
0
0
0
0
0
0
0
0
0
0
0
0
0
0
0
0
0
0
0
0
0
0
0
0
0
0
0
0
0
0
0
0
0
0
0
0
0
0
0
0
0
0
0
0
0
0
0
0
0
0
0
0
0
0
0
0
0
0
0
0
0
0
0
0
0
0
0
0
0
0
0
0
0
0
0
0
0
0
0
0
0
0
0
0
0
0
0
0
0
0
0
0
0
0
0
0
0
0
0
0
0
0
0
0
0
0
0
0
0
0
0
0
0
0
0
0
0
0
0
0
0
0
0
0
0
0
0
0
0
0
0
0
0
0
0
0
0
0
)
;
}
)

// ************************************************************************* //
